0412
0222
0358
0175
0422
0501
0055
0299
0186
0413
0262
0436
0450
0241
0351
0117
0385
0308
0012
0398
0187
0017
0441
0066
0298
0264
0276
0290
0177
0296
0039
0047
0428
0431
0218
0391
0014
0397
0134
0416
0443
0246
0034
0292
0101
0425
0285
0051
0127
0136
0213
0111
0203
0328
0027
0516
0429
0167
0369
0458
0435
0311
0131
0381
0067
0026
0006
0293
0363
0357
0059
0078
0507
0164
0325
0144
0197
0338
0451
0095
0427
0212
0229
0384
0057
0316
0077
0008
0324
0098
0266
0043
0250
0313
0054
0430
0094
0336
0447
0152
0007
0029
0294
0129
0142
0352
0242
0300
0237
0326
0076
0198
0500
0356
0345
0182
0510
0050
0394
0217
0432
0269
0028
0106
0018
0185
0321
0438
0065
0448
0417
0372
0301
0110
0286
0038
0359
0335
0409
0271
0503
0195
0439
0420
0161
0165
0379
0459
0023
0512
0515
0132
0116
0030
0019
0423
0407
0433
0318
0453
0302
0140
0421
0080
0192
0406
0310
0297
0449
0289
0236
0215
0378
0445
0160
0162
0041
0137
0424
0371
0331
0223
0128
0121
0075
0071
0124
0009
0244
0171
0130
0234
0346
0207
0414
0021
0376
0115
0032
0102
0235
0323
0279
0141
0219
0048
0283
0001
0366
0045
0520
0377
0103
0108
0446
0020
0504
0011
0211
0181
0243
0315
0342
0248
0037
0411
0125
0052
0033
0402
0100
0291
0442
0354
0347
0518
0143
0517
0216
0373
0109
0492
0473
0042
0462
0489
0471
0485
0274
0460
0464
0456
0475
0349
0494
0268
0281
0126
0145
0305
0496
0488
0467
0457
0478
0482
0238
0180
0329
0463
0499
0487
0480
0392
0280
0155
0395
0013
0468
0486
0158
0002
0389
0498
0277
0184
0150
0173
0483
0461